678	406	266.5231382474303
670	368	248.6423548310995
674	375	264.0139133669436
656	321	251.4711594209075
669	356	245.66249437630177
667	337	246.03376910090446
666	285	254.56651486456394
581	273	277.4981574388221
663	250	254.0309503674507
661	233	250.60364287346601
656	164	248.1601357460022
679	412	267.8319545928389
679	416	270.1485394500196
680	417	272.93638159753755
681	424	275.3848063002806
681	430	275.20012113673147
682	438	275.140040286351
683	444	277.23695167806
685	450	284.23835951834917
671	373	251.9639590755105
660	369	259.8151217214763
536	216	296.37021999806166
619	283	272.19010377302766
608	286	272.96980981482193
595	286	274.6811716002412
578	277	278.9753006771207
628	280	271.9444072339684
594	254	267.9462268948555
608	254	267.20368154346943
583	256	270.1875102240592
576	260	272.81434072647244
571	287	282.54581415094435
642	461	294.22112479805946
575	269	278.9063318166882
539	272	305.8509757742286
556	276	286.9778244756162
615	345	274.2232865828555
663	404	267.61963376775384
668	416	271.3531385175884
650	407	271.5480758808553
644	411	276.01787488674745
659	416	273.7605113303289
653	417	277.6434753322974
631	427	287.7779882401228
660	368	249.36802946031094
657	356	246.60759698599577
557	249	272.6283115101978
634	310	268.63090745173395
633	359	263.0818438716233
633	350	264.1136850230396
583	342	281.3179527875036
656	338	248.12747817486525
580	239	260.99431635811925
565	242	266.0066911019385
542	198	282.86501225084066
635	249	256.10243286937475
621	257	268.71216823346913
622	416	287.7609238959849
570	379	336.05886846780777
643	365	265.55547304451466
653	369	265.1889272034168
637	419	286.3451682962477
642	418	284.5386794768274
558	233	267.649328103289
635	363	266.6300349868834
602	241	257.52398893237114
599	231	255.18767461180687
583	174	257.9817460849881
550	216	273.967843252467
592	203	255.94426728785038
549	242	276.52224524645135
543	230	285.61745807528496
665	411	268.8776371534914
655	413	272.45728236157447
648	415	276.4097762410529
647	367	266.57624496147037
640	419	285.3069161064923
643	422	282.770775211975
643	417	284.2978813685477
648	363	257.4468679726124
655	416	278.553479607217
662	416	275.9904958191328
671	417	273.9266585034784
669	450	284.7467032261193
668	444	277.80353513080627
668	437	275.99251437932253
669	429	276.10139958560467
670	424	276.30000782664865
653	421	280.1340891979635
651	423	279.756498709321
648	427	279.8056566622108
646	430	281.26732986420393
631	396	276.52030672179535
550	317	335.43067276477814
672	373	259.62138501927257
649	419	282.5652854517102
646	421	282.38005940802395
658	375	265.9137382172048
640	370	271.1393094388768
656	372	265.2894682250917
624	317	271.86353087890893
607	327	274.7594210130046
632	355	267.70780654624104
556	184	269.5265089161694
565	206	264.3859738484025
574	229	260.68902164697647
641	435	286.4193388260901
629	233	252.06878744065762
622	201	250.88960509747267
615	168	250.90848989784718
585	283	277.04439527587965
560	296	286.7628313601017
633	277	272.1388454316184
565	263	277.51294288318604
641	302	265.6007621437311
639	356	257.120468467474
550	303	294.2052334547043
569	307	283.0402759835124
585	314	278.31324827857316
607	310	275.1173874690721
623	303	272.97858375823125
633	298	270.35970161668956
654	288	257.28871263563633
556	330	296.03134263306856
555	261	279.8126050271094
665	372	252.4953294545412
636	325	268.18175367079675
538	263	323.41311275959015
641	292	268.3469741605222
632	353	273.0309739941731
573	270	280.0799027085304
638	346	258.30203369259834
558	347	337.1416639536619
632	272	272.79742441605777
647	341	252.1277939900756
594	423	310.8431052416563
597	431	322.2642358392477
548	325	315.7435029745102
580	403	315.65324030816555
540	249	296.9463160261512
641	471	299.41965732723475
667	373	260.0982584990561
628	334	271.57500290777534
548	277	292.70226806402206
595	278	274.4736798311351
606	279	272.93455422623083
640	424	284.02941785752773
564	354	301.2556279078126
664	488	302.8183374553919
628	465	311.1253958195448
614	451	315.85753709077835
658	199	248.71501326560974
690	490	300.87910182774067
616	277	272.25768987555057
625	274	272.4014021921903
630	273	272.9659381438978
548	256	285.02733930945396
620	263	270.5674677155912
608	259	269.7262801695615
597	259	270.38341108709574
586	262	272.17905630823225
580	266	274.3309247074649
535	237	310.69301441311836
587	276	276.1776552652009
675	384	266.1335749551654
638	389	272.81655764672905
642	364	262.96014580875635
659	386	267.2990547027439
665	266	256.279432028532
609	442	307.5912458822131
624	456	303.964483179152
662	482	295.16861848533154
584	408	330.00393882393837
628	269	271.79646904114634
648	311	258.5458969697356
689	485	293.50087977945805
644	479	306.1732057482004
556	351	318.71738880872726
660	422	278.09136083815247
659	426	277.690526493825
657	432	277.77705502230674
655	438	279.3478190898895
653	444	284.9673974327743
647	418	281.12654159776866
643	417	281.1129957437515
639	415	280.99999940022826
625	405	281.59387330524623
580	365	290.79746026545763
647	294	261.7514950223267
640	266	267.57343700155616
632	266	270.0167499948293
650	415	281.7540888208896
583	392	302.877782471478
649	267	260.62310822308064
648	451	290.0660599581897
667	319	249.12267662584782
655	305	253.64603605121374
666	302	251.87834333628416
642	332	261.319048050791
688	474	288.917819224298
686	460	286.89160123467445
666	459	288.23858723044395
619	428	292.219321615994
625	364	275.5583881982602
632	441	291.52942299842834
600	360	278.6922635277733
617	377	278.1960073625669
595	379	285.6054678559303
663	472	290.683288872242
636	337	266.2977008149028
610	433	299.19395968317986
626	447	297.79473058879375
610	414	291.02784376591444
570	374	305.97095992416143
596	410	296.99005614966154
566	377	320.03857903182507
612	393	282.802471332252
642	318	263.67868511006236
644	362	256.21087960898876
637	363	262.75616455823183
647	356	251.60428117960691
628	256	265.0119300931692
607	250	263.8855215162039
589	250	264.9300423450768
576	251	267.9224759340286
568	256	271.9331190222874
566	273	282.52648217603564
542	298	311.1922886222601
578	293	280.38286115042865
591	298	277.1147813415155
607	297	274.57452716480475
621	292	273.0509968358092
631	288	271.739468886517
638	284	270.79220928717405
545	289	331.05050548911095
639	365	265.6318174675107
648	326	256.0733322054148
651	365	251.9432794302702
659	369	254.59308102726936
652	365	254.71128057688475
643	368	267.7293856628239
661	371	253.25218234211206
663	372	259.9820064380765
636	274	271.980751818046
643	278	268.9042924437672
646	282	265.50868824124336
577	268	276.3483284157701
572	264	276.395637227688
678	319	250.6169505417347
758	259	271.2256609927863
684	368	259.1451999731362
806	193	286.5341627970338
720	275	268.15550150349736
733	275	268.1906889658421
746	274	269.0505523234606
763	262	272.329550771974
710	273	268.799205403775
739	241	262.7281293272972
725	243	263.0495807155967
752	242	264.20034570619464
761	245	266.31788052618504
774	270	275.41325320198666
733	455	291.545732319355
764	254	272.30766201391816
813	249	296.034524589777
789	257	278.9557522861287
734	336	270.24679593741894
693	402	266.59290874376893
692	414	270.42566114105284
708	403	269.4276987109333
718	406	273.12300282064825
702	413	271.85905324295163
711	413	275.1868139806902
738	419	284.16857263073325
681	366	248.8199420273304
681	354	245.9473665803671
780	230	264.96609803289175
707	304	265.98130613565445
711	353	260.65354170277715
712	344	261.5634450688958
770	327	274.7959668544354
680	336	247.3071090877056
749	224	255.77687341719866
767	224	259.4168505631387
792	176	274.0117712994106
692	243	254.43120691925287
713	249	265.39793852716684
744	407	283.41608033515513
806	362	327.24828235805035
703	361	263.67506263777614
693	366	264.2494580708444
730	412	282.5376625638455
724	412	281.1794470064342
774	214	260.57426426559687
712	357	264.22296669334173
724	229	253.90640329569578
726	218	251.50232948362827
735	160	252.87658851593733
783	195	266.0624501295388
729	190	251.57847311347723
788	221	268.3058469090611
797	208	276.6826668055728
692	410	267.84186977893114
705	410	270.44029189273715
714	410	273.7273275735788
700	363	265.11719999834895
727	412	281.80568804964423
723	416	279.8042792826891
723	411	281.0586028266698
695	360	255.79372569918633
708	412	276.22721121879295
700	413	274.29161515901797
691	415	272.9789708741009
701	448	283.86797197163105
699	441	276.7762157949619
697	435	274.9361688805948
695	427	275.03927228790417
693	422	275.30853845528327
712	416	277.81567107886076
714	418	277.4289468070492
717	422	277.41600973531604
721	425	278.7854569032788
727	388	273.2089885161258
816	295	325.4961285740137
717	414	279.71043307334185
719	415	279.53028781339526
689	373	265.02647530287504
709	365	269.2332023754716
691	370	264.4042460247874
720	309	268.3662282768637
740	316	270.11996023356915
714	349	265.10291807353497
769	164	262.25325763225555
761	188	258.0050534568727
753	212	255.1315939053893
728	429	283.4496901370585
694	227	250.27813874185085
695	194	248.64835813641548
698	160	248.3711365610361
757	269	270.7254261011258
788	277	278.87289924547076
703	271	269.3323608953506
774	245	270.1580474153161
698	298	263.4638538584113
703	352	255.12237381190062
802	282	285.26528738439083
779	291	275.655025918968
762	299	272.0454225782305
737	300	270.3658068552613
720	296	269.3555381614715
707	292	267.5902846734971
679	286	256.37167394161224
800	311	287.2546055354178
785	241	271.7333493055776
678	371	252.06754580140114
707	319	265.64944218844175
817	239	313.0717698484659
697	287	266.2376759573817
715	347	270.4978928901255
768	254	273.17666760645807
703	341	256.25869911164045
813	327	327.7020625770092
704	266	269.90065313875675
692	338	250.63780844211578
781	410	304.3236939236522
783	418	315.58208987116814
813	303	306.1057433485985
793	388	307.9799937084317
805	226	287.4841735698283
737	465	296.40462938696146
677	372	259.81947258114815
718	327	268.48242450505495
800	256	283.8451327756047
744	266	269.00459066964686
732	268	268.1206941138953
727	417	280.8333774562925
797	336	292.7892668172717
717	485	301.1532725766301
753	457	306.8549333140254
767	441	310.51228418946266
722	268	268.13456267118454
712	267	268.87359670363367
706	266	269.7881331667304
795	235	276.3612943002954
715	255	266.85978998430073
727	249	265.40300035849214
739	247	265.3134507127106
750	248	266.4011246524751
757	251	268.15071422606707
814	213	300.5515528842807
752	263	270.18761318176985
716	383	270.300414878875
703	359	261.2125641666353
692	384	266.23294707387686
768	431	302.34618056565523
754	448	299.83453899621964
716	479	293.5559093952179
795	393	322.0392122864723
708	262	268.4821699280292
689	308	257.0893004536629
737	473	303.0122032389045
810	332	309.486997500062
703	419	276.2900215690024
706	423	275.90684165479615
709	428	275.90501697268337
712	434	277.4200832238421
717	439	282.8659532126039
718	412	278.1340047949925
722	411	277.82124667428434
725	408	277.54651606082916
737	397	277.53271486144513
780	350	283.7337827309966
688	291	260.24241875857115
693	261	265.59786293655634
702	260	267.2420402057469
715	410	278.869153582491
785	376	295.73596976697445
682	265	259.39982309937477
725	446	287.70401952788234
679	304	252.8875296935439
699	327	259.44237895309925
706	457	287.1652638539672
751	419	288.08101788163185
727	356	272.32371675781906
740	433	288.2875387556851
753	348	273.62011478981003
738	367	274.1890019213315
765	366	279.86314445734024
713	469	289.1675413586199
707	332	263.96504789590836
763	423	294.36709731817245
748	439	294.0496392548084
758	403	285.98633045330644
795	357	297.9052200913429
773	397	291.03182377293706
805	359	311.26340217888355
749	383	278.09394400101155
698	313	261.65072759613395
699	358	254.3644431978464
708	358	260.64270194619894
693	353	250.05116257816553
703	249	262.2735305689275
724	240	259.9904120899737
743	236	259.86995566636324
758	236	261.77979251369834
769	238	265.02747517079115
777	256	275.1532932423288
815	276	301.20742321014404
766	278	273.64696165313944
753	285	271.26163702923805
735	286	269.829446868971
719	284	269.2907152697444
708	282	268.9075153786689
699	279	268.4672200586647
817	267	320.7864884287119
708	360	263.5964644141495
689	322	254.59328796714544
690	362	250.79410951584578
684	367	253.90268247574568
690	362	253.5170366987586
705	364	266.02168399840593
682	370	252.71473284810781
681	370	259.50037026777864
700	268	269.47541013360023
693	274	267.05111409537494
689	279	263.97168124094605
761	253	269.9923561885953
767	247	269.5688609033823
